======================================================================
DE2 z1-loop calibration: scanning A, B, C coefficients
======================================================================
Target: 3D Ising eta=0.036, nu=0.630
LPA' baseline: eta=0.024, nu=0.648

      A |     B |     C |      eta |       z1 |    kappa |     lam2 |      err
  ---------------------------------------------------------------------------
   -1.0 |   5.0 |  -3.0 |  0.03601 |  -48.638 |  0.03021 |   6.7474 |  0.00001
   -0.5 |   5.0 |  -3.0 |  0.03609 |  -48.991 |  0.03021 |   6.7457 |  0.00009
   -2.0 |   5.0 |  -3.0 |  0.03584 |  -47.929 |  0.03022 |   6.7509 |  0.00016
    0.0 |   5.0 |  -3.0 |  0.03617 |  -49.345 |  0.03021 |   6.7439 |  0.00017
    0.5 |   5.0 |  -3.0 |  0.03626 |  -49.697 |  0.03021 |   6.7422 |  0.00026
    1.0 |   5.0 |  -2.0 |  0.03570 |  -47.322 |  0.03022 |   6.7539 |  0.00030
    1.0 |   5.0 |  -3.0 |  0.03634 |  -50.050 |  0.03021 |   6.7405 |  0.00034
    0.5 |   5.0 |  -2.0 |  0.03562 |  -46.986 |  0.03022 |   6.7555 |  0.00038
   -0.5 |   5.0 |  -2.0 |  0.03546 |  -46.314 |  0.03022 |   6.7588 |  0.00054
   -1.0 |   5.0 |  -2.0 |  0.03539 |  -45.978 |  0.03022 |   6.7605 |  0.00061
   -2.0 |   5.0 |  -2.0 |  0.03523 |  -45.303 |  0.03022 |   6.7638 |  0.00077
    1.0 |   5.0 |  -1.0 |  0.03512 |  -44.866 |  0.03022 |   6.7660 |  0.00088
    0.5 |   5.0 |  -1.0 |  0.03505 |  -44.546 |  0.03022 |   6.7676 |  0.00095
    0.0 |   5.0 |  -1.0 |  0.03497 |  -44.226 |  0.03022 |   6.7691 |  0.00103
   -0.5 |   5.0 |  -1.0 |  0.03490 |  -43.905 |  0.03023 |   6.7707 |  0.00110
   -1.0 |   5.0 |  -1.0 |  0.03482 |  -43.584 |  0.03023 |   6.7723 |  0.00118
   -2.0 |   5.0 |  -5.0 |  0.03730 |  -54.160 |  0.03020 |   6.7204 |  0.00130
   -2.0 |   5.0 |  -1.0 |  0.03467 |  -42.941 |  0.03023 |   6.7755 |  0.00133
    1.0 |   5.0 |   0.0 |  0.03460 |  -42.645 |  0.03023 |   6.7770 |  0.00140
    0.0 |   5.0 |   0.0 |  0.03446 |  -42.033 |  0.03023 |   6.7800 |  0.00154

  Best: A=-1, B=5, C=-3
  eta=0.03601 (target: 0.036, LPA': 0.024)
  z1=-48.638, kappa=0.03021, lam2=6.7474

Done.
